P2598 0.121500819921 727.2 1542.7 696.7 1581.7 615.0 1522.9 645.6 1483.9
P2598 0.120263680816 721.1 1447.3 693.3 1483.1 619.3 1429.5 647.2 1393.7
P2598 0.120043784380 613.7 1528.2 586.2 1564.4 510.4 1509.6 537.9 1473.4
P2598 0.119983650744 695.4 1610.5 665.1 1649.5 583.6 1590.5 613.9 1551.6
P2598 0.119896069169 771.7 1651.0 741.5 1688.6 662.3 1629.5 692.5 1591.9
P2598 0.119506873190 727.8 1678.4 697.6 1716.9 615.0 1656.1 645.2 1617.6
P2598 0.118846148252 573.0 1719.3 541.6 1757.5 458.5 1696.7 489.9 1658.4
P2598 0.118690475821 586.1 1650.9 557.8 1688.6 477.0 1629.8 505.3 1592.2
P2598 0.118165627122 581.6 1582.0 554.7 1619.0 478.6 1563.9 505.6 1526.9
P2598 0.118159554899 506.1 1664.2 477.7 1700.9 400.4 1643.5 428.7 1606.8
P2598 0.118098706007 695.0 1773.9 663.6 1809.1 584.8 1749.6 616.3 1714.4
P2598 0.117819644511 627.1 1475.1 600.0 1509.9 526.0 1456.2 553.2 1421.4
P2598 0.117606788874 657.7 1434.1 630.9 1467.0 559.6 1415.8 586.4 1383.0
P2598 0.117544651031 540.4 1746.4 508.9 1783.6 428.4 1723.5 459.8 1686.3
P2598 0.117351442575 491.7 1759.2 461.3 1795.7 384.2 1736.8 414.7 1700.3
P2598 0.115244112909 753.0 1785.0 723.6 1819.2 650.8 1763.9 680.3 1729.7
P2598 0.113889850676 380.0 1650.3 352.8 1685.6 279.4 1631.8 306.6 1596.5
P2598 0.113028459251 827.2 1772.2 799.1 1805.1 731.8 1751.9 759.9 1718.9
P2598 0.112974755466 376.6 1596.0 351.3 1627.8 282.0 1578.2 307.3 1546.3
P2598 0.112946607172 348.4 1704.6 321.9 1739.6 247.9 1685.8 274.4 1650.7
P2598 0.112202629447 703.8 1826.7 675.6 1858.9 606.4 1804.8 634.6 1772.6
P2598 0.111755415797 613.8 1815.4 584.6 1848.7 510.4 1790.2 539.6 1756.9
P2598 0.111275054514 566.9 1828.8 536.4 1861.6 463.3 1803.1 493.8 1770.2
P2598 0.110813073814 453.0 1595.3 429.6 1630.8 359.2 1579.4 382.5 1543.9
P2598 0.110295601189 810.3 1812.5 784.1 1843.8 718.7 1791.5 744.9 1760.2
P2598 0.109781786799 858.1 1610.3 831.4 1645.2 761.8 1593.0 788.5 1558.0
P2598 0.109756484628 543.2 1487.0 520.2 1517.0 454.2 1468.9 477.3 1438.9
P2598 0.109563298523 421.9 1786.0 395.6 1817.7 327.0 1763.9 353.2 1732.2
P2598 0.107733890414 874.3 1717.9 848.0 1750.5 779.3 1698.0 805.5 1665.4
P2598 0.106868989766 762.9 1853.9 738.2 1884.6 673.3 1832.8 698.0 1802.1
P2598 0.105876214802 699.9 1908.6 674.4 1938.8 609.5 1887.3 635.0 1857.2
P2598 0.104772605002 471.8 1466.2 471.8 1569.2 374.6 1569.2 374.6 1466.2
P2598 0.103351674974 640.5 1896.2 614.4 1927.2 545.6 1871.4 571.7 1840.4
P2598 0.103303827345 902.8 1663.0 877.5 1695.2 811.2 1645.9 836.5 1613.7
P2598 0.101282432675 500.3 1854.8 471.6 1886.3 401.2 1830.2 429.9 1798.8
