P1088 0.141424760222 404.1 487.8 404.1 550.9 358.1 550.9 358.1 487.8
P1088 0.133272737265 468.0 485.8 468.0 553.4 419.5 553.4 419.5 485.8
P1088 0.124078601599 476.2 813.5 476.2 874.5 432.9 874.5 432.9 813.5
P1088 0.122227139771 592.8 825.1 592.8 887.2 548.2 887.2 548.2 825.1
P1088 0.120651677251 598.2 481.7 598.2 556.1 544.6 556.1 544.6 481.7
P1088 0.117358960211 555.4 493.6 555.4 568.4 502.1 568.4 502.1 493.6
P1088 0.115564130247 689.1 1200.3 689.1 1265.4 641.8 1265.4 641.8 1200.3
P1088 0.115189120173 691.7 482.5 691.7 555.3 639.9 555.3 639.9 482.5
P1088 0.114207789302 997.3 234.4 997.3 277.5 964.5 277.5 964.5 234.4
P1088 0.113013707101 918.2 489.1 918.2 547.2 875.8 547.2 875.8 489.1
P1088 0.112239092588 801.0 1216.7 801.0 1272.5 760.1 1272.5 760.1 1216.7
P1088 0.110324263573 765.9 481.9 765.9 555.2 713.3 555.2 713.3 481.9
P1088 0.110144883394 914.1 244.2 914.1 291.6 878.7 291.6 878.7 244.2
P1088 0.109297506511 881.6 232.7 881.6 278.0 847.2 278.0 847.2 232.7
P1088 0.104286953807 876.5 488.0 876.5 548.3 832.1 548.3 832.1 488.0
P1088 0.103653334081 388.5 806.4 388.5 881.6 333.2 881.6 333.2 806.4
P1088 0.102651819587 342.7 796.9 342.7 866.4 292.8 866.4 292.8 796.9
P1888 0.124440267682 460.3 473.0 460.3 490.3 441.1 490.3 441.1 473.0
P1888 0.123582720757 385.5 480.1 385.5 497.9 365.8 497.9 365.8 480.1
P1888 0.123531512916 418.2 484.0 418.2 500.9 399.0 500.9 399.0 484.0
P1888 0.122296549380 455.4 447.9 455.4 463.8 437.5 463.8 437.5 447.9
P1888 0.121949307621 417.9 455.1 417.9 471.2 399.9 471.2 399.9 455.1
P1888 0.121772989631 394.7 458.8 394.7 475.0 376.4 475.0 376.4 458.8
P1888 0.120438627899 431.7 451.7 431.7 467.3 414.1 467.3 414.1 451.7
P1888 0.118377037346 403.5 448.2 403.5 463.3 386.0 463.3 386.0 448.2
P1888 0.117792211473 324.6 487.6 324.6 505.1 305.0 505.1 305.0 487.6
P1888 0.116102933884 380.1 455.3 380.1 471.0 362.6 471.0 362.6 455.3
P1888 0.116045631468 470.2 458.0 470.2 476.0 450.3 476.0 450.3 458.0
P1888 0.115216203034 409.3 465.4 409.3 483.2 389.5 483.2 389.5 465.4
P1888 0.114445365965 343.3 487.7 343.3 504.7 323.9 504.7 323.9 487.7
P1888 0.112894125283 371.9 468.9 371.9 487.0 351.6 487.0 351.6 468.9
P1888 0.111395657063 356.4 459.4 356.4 474.4 339.1 474.4 339.1 459.4
P1888 0.111247502267 334.1 472.8 334.1 490.4 314.5 490.4 314.5 472.8
P1888 0.109657205641 365.4 448.6 365.4 462.8 349.0 462.8 349.0 448.6
P1888 0.109191201627 309.7 338.5 309.7 353.6 292.5 353.6 292.5 338.5
P1888 0.108812317252 315.3 352.5 315.3 369.2 296.0 369.2 296.0 352.5
P1888 0.108331061900 469.3 444.3 469.3 459.8 451.5 459.8 451.5 444.3
P1888 0.107842788100 319.0 466.4 319.0 481.9 301.6 481.9 301.6 466.4
P1888 0.106544226408 366.4 239.1 366.4 255.1 348.4 255.1 348.4 239.1
P1888 0.106432966888 366.1 224.6 366.1 240.4 348.2 240.4 348.2 224.6
P1888 0.105529136956 337.3 459.5 337.3 474.0 320.6 474.0 320.6 459.5
P1888 0.103456489742 380.8 235.2 380.8 251.5 362.3 251.5 362.3 235.2
P1888 0.103357441723 301.6 363.0 301.6 380.6 281.5 380.6 281.5 363.0
P1888 0.103155128658 530.3 180.3 530.3 196.7 512.1 196.7 512.1 180.3
P1888 0.102957464755 337.2 335.1 337.2 349.4 320.5 349.4 320.5 335.1
P1888 0.102496832609 338.4 348.8 338.4 365.2 319.6 365.2 319.6 348.8
P1888 0.102240398526 375.1 214.0 375.1 228.5 358.6 228.5 358.6 214.0
P1888 0.101460479200 516.8 187.3 516.8 204.4 497.5 204.4 497.5 187.3
P1888 0.100746162236 328.9 231.7 328.9 247.9 310.7 247.9 310.7 231.7
P1888 0.100090794265 502.4 180.2 502.4 196.6 483.9 196.6 483.9 180.2
